Techniques=LevelsPlus@LevelsPlus.fx,FilmicPass@FilmicPass.fx,Colourfulness@Colourfulness.fx,BloomAndLensFlares@Bloom.fx,Deband@Deband.fx,AdaptiveSharpen@AdaptiveSharpen.fx
TechniqueSorting=LevelsPlus@LevelsPlus.fx,FilmicPass@FilmicPass.fx,Colourfulness@Colourfulness.fx,BloomAndLensFlares@Bloom.fx,Deband@Deband.fx,AdaptiveSharpen@AdaptiveSharpen.fx

[AdaptiveSharpen.fx]
D_compr_high=0.500000
D_compr_low=0.250000
D_overshoot=0.009000
L_compr_high=0.334000
L_compr_low=0.167000
L_overshoot=0.003000
curve_height=0.550000
curveslope=0.500000
pm_p=0.700000
scale_cs=0.056000
scale_lim=0.100000

[Bloom.fx]
bAnamFlareEnable=0
bChapFlareEnable=0
bGodrayEnable=0
bLensdirtEnable=0
bLenzEnable=0
fBloomAmount=0.350000
fBloomSaturation=0.300000
fBloomThreshold=0.880000
fBloomTint=1.000000,1.000000,1.000000
iBloomMixmode=2

[Colourfulness.fx]
backbuffer_bits=10.000000
col_noise=1
colourfulness=0.150000
enable_dither=1
lim_luma=0.700000

[Deband.fx]
banding_depth=1.000000
debug_output=0
enable_depthbuffer=0
enable_sdeviation=1
enable_weber=1
iterations=1
range=18.000000
t1=0.007000
t2=0.040000

[FilmicPass.fx]
BaseCurve=1.150000
BaseGamma=1.000000
Bleach=0.000000
BlueCurve=1.000000
Contrast=1.030000
EffectGamma=1.000000
EffectGammaB=1.000000
EffectGammaG=1.000000
EffectGammaR=1.000000
Fade=0.020000
GreenCurve=1.000000
Linearization=1.000000
LumCoeff=0.212656,0.715158,0.072186
RedCurve=1.000000
Saturation=0.000000
Strength=0.350000

[LevelsPlus.fx]
ACESLuminancePercentage=100,100,100
ColorRangeShift=0.000000,0.000000,0.000000
ColorRangeShiftSwitch=0
EnableLevels=1
HighlightClipping=0
InputBlackPoint=0.000000,0.000000,0.000000
InputGamma=1.100000,1.100000,1.100000
InputWhitePoint=1.000000,1.000000,1.000000
OutputBlackPoint=0.008000,0.008000,0.008000
OutputWhitePoint=0.985000,0.985000,0.985000
enableACESFilmRec2020=0
enableACESFilmRec2020old=0
enableACESFitted=0
